5.000000009366882
5.002792202571373
5.005586306584665
5.0083823622200345
5.011180288885577
5.0139802030258
5.016782056794375
5.019585858679347
5.022391592090516
5.0251992871015325
5.028008882070535
5.030820480127977
5.033633958848358
5.036449460074745
5.039266889161654
5.042086230863999
5.044907560067651
5.047730886540829
5.050556108940317
5.053383320086319
5.056212510550146
5.059043620206934
5.061876753678378
5.064711799984593
5.067548866330805
5.070387888184315
5.073228871011606
5.076071837193907
5.078916802492838
5.081763745189552
5.084612654217543
5.087463537296911
5.090316398248386
5.093171280171141
5.096028120759171
5.098886997987832
5.101747826359341
5.104610621141691
5.10747550823671
5.110342306757595
5.113211138265992
5.11608200546604
5.1189548359683075
5.121829659518511
5.124706556820023
5.127585401450042
5.130466298136036
5.133349149255167
5.136234073115653
5.139120947660474
5.142009950282712
5.144900880662098
5.147793912377851
5.15068887522864
5.153585934296087
5.156485021641149
5.159386131592298
5.162289235394526
5.1651943892634575
5.16810162393892
5.171010864301789
5.173922147881129
5.176835447735857
5.179750847536687
5.182668274607361
5.185587717092163
5.188509234380875
5.1914328272887404
5.1943584184150575
5.197286117249771
5.200215849480326
5.203147615801273
5.206081548091413
5.209017430331739
5.211955412566776
5.214895478097324
5.2178376016550665
5.220781815599827
5.223728045549855
5.226676392156723
5.229626823836134
5.232579345223149
5.235533947697866
5.238490622210946
5.241449348636258
5.244410196938297
5.247373143365778
5.250338157935718
5.2533052892866845
5.256274462135629
5.259245781614917
5.262219176359125
5.265194722084764
5.268172324195832
5.271152020765548
5.274133893319773
5.27711781611763
5.28010383755713
5.2830920170562665
5.286082302911546
5.289074693471327
5.292069203335218
5.295065822074759
5.29806462220995
5.301065471125228
5.304068516264753
5.307073619157434
5.310080944371571
5.3130903459989645
5.3161018882021445
5.319115534676363
5.322131337500916
5.325149322139961
5.328169438844554
5.331191711693012
5.3342160694126335
5.3372426208910175
5.3402713358041884
5.343302226601377
5.346335220127363
5.349370390426141
5.352407720229172
5.355447214966312
5.358488865609615
5.361532672259207
5.364578704300104
5.367626860837189
5.370677176586252
5.373729707208598
5.3767843897695595
5.379841264104636
5.382900295987177
5.385961584917169
5.389024982505946
5.392090601945003
5.395158399978651
5.3982283497644765
5.401300582541628
5.404374926469245
5.407451490136299
5.410530261663738
5.413611267969612
5.41669444368878
5.419779873768032
5.42286741477873
5.425957263024855
5.4290492688880825
5.432143500602224
5.435239932842661
5.438338617549685
5.441439538964855
5.444542682199163
5.447648034320588
5.450755551417031
5.4538653892884374
5.456977426887505
5.460091672727117
5.463208201784629
5.466326936898305
5.469447903187424
5.472571099116701
5.475696618453032
5.478824352156079
5.481954323284084
5.485086530405195
5.488220982880164
5.491357744596582
5.494496708826379
5.4976379687762345
5.500781431417678
5.503927242914375
5.507075291567033
5.510225605906516
5.5133781798694
5.516533036712969
5.51969020183574
5.522849605033998
5.526011302702433
5.5291752986196405
5.532341545350657
5.535510088416679
5.538680915232483
5.541854020165087
5.5450294547113135
5.548207158334182
5.551387178958898
5.554569510960975
5.557754141961916
5.560941018176085
5.5641302697027175
5.567321810673205
5.570515658427469
5.573711837333269
5.576910294203945
5.580111080041296
5.583314189530874
5.586519671958061
5.589727425065966
5.592937536543664
5.596149944021373
5.5993646923035065
5.602581792094015
5.6058011898565585
5.609022968352248
5.612247114179387
5.615473482007538
5.618702305041884
5.621933454721526
5.62516691792046
5.6284027787800435
5.631640964620914
5.634881533292853
5.638124462404723
5.641369719662365
5.644617369876403
5.647867343014184
5.65111975938445
5.654374516748537
5.657631598554982
5.660891081332131
5.66415298121655
5.667417268071045
5.670683877707557
5.673952892150679
5.677224321524301
5.680498119373237
5.683774270314495
5.687052813510737
5.690333839991513
5.693617202625688
5.69690298959848
5.700191158301509
5.7034817707543946
5.706774788905742
5.71007019638999
5.713367969374316
5.716668237478922
5.719970910701007
5.723275973635501
5.726583457653309
5.729893409568496
5.733205748615166
5.7365205206263665
5.739837707482957
5.743157368735487
5.746479454632866
5.749803968133797
5.753130941413745
5.7564603585366
5.759792218079469
5.763126541837149
5.7664633041748115
5.7698025028116
5.773144134310023
5.776488293737993
5.779834854991015
5.7831838839920735
5.786535407545059
5.789889400433047
5.793245886207199
5.796604815091246
5.799966193153094
5.803330091665248
5.806696449317884
5.810065328034324
5.813436630518471
5.8168104786586134
5.82018676923165
5.823565588334469
5.826946883926541
5.830330710531838
5.833716969221673
5.837105772904084
5.840497128670228
5.843890947807078
5.847287226554372
5.8506861333342775
5.854087404851245
5.85749134264503
5.860897716132147
5.86430662589214
5.867718063622731
5.8711320034440275
5.874548555505247
5.877967537928696
5.881389109464465
5.884813205356932
5.888239863060351
5.8916691209204926
5.895100818203185
5.898535113796377
5.901971886641197
5.905411332866657
5.9088532339170525
5.912297784996142
5.915744792290994
5.919194473811498
5.922646651767822
5.926101394276313
5.929558711222057
5.933018674410963
5.936481150851176
5.93994622025295
5.943413836495186
5.946884072475252
5.950356882912826
5.953832263319233
5.957310286524411
5.960790861235453
5.964274100467093
5.967759834633411
5.971248245752061
5.974739226477928
5.978232839671881
5.981729089746511
5.985227900059353
5.988729298598473
5.992233390685774
5.995740046396091
5.999249366795585
6.002761277843461
6.006275867330483
6.009793057847747
6.01331284942143
6.016835345005544
6.0203603869696805
6.023888112569151
6.027418536699486
6.030951572772269
6.034487237092878
6.038025605173425
6.041566560030722
6.0451102180851235
6.048656515506741
6.052205517451514
6.055757162653051
6.059311411366977
6.062868377028625
6.066428051176312
6.069990357757066
6.073555392351528
6.077123068666006
6.08069343517377
6.084266526794372
6.087842261803788
6.091420675089304
6.0950018104568615
6.098585672087827
6.102172188022708
6.105761467657648
6.109353386095549
6.1129480358372446
6.116545444382337
6.120145481228108
6.123748273599668
6.127353842495553
6.130962028220241
6.134573024628714
6.138186691163906
6.141803153971208
6.14542234618072
6.149044198227429
6.1526688347863905
6.156296234217908
6.159926352841425
6.163559241593021
6.167194849145083
6.170833261125535
6.174474439206313
6.178118290500518
6.181764928479972
6.185414331567792
6.189066523816969
6.192721488505351
6.196379219191119
6.200039732371461
6.203703045956591
6.207369109186722
6.2110379646104885
6.214709610041864
6.218384050385884
6.222061269352885
6.225741307600061
6.229424118499514
6.2331097070401595
6.23679816531697
6.240489388999606
6.244183464443113
6.247880296292204
6.251579954844683
6.2552824354809395
6.258987749155651
6.262695896895139
6.266406814368214
6.270120682395653
6.273837302239554
6.27755673829782
6.281279043407055
6.285004188285448
6.288732198337822
6.292463038190321
6.296196748889153
6.299933275242091
6.303672700779084
6.30741492906552
6.311160080634121
6.314908044053572
6.318658883107085
6.322412667419524
6.3261692534203755
6.329928720272145
6.333691088272149
6.3374563146036476
6.3412244177277906
6.34499546475091
6.348769399896432
6.352546195000532
6.3563258771388025
6.360108500931054
6.363894022906553
6.367682385684158
6.3714737183873735
6.37526798092917
6.379065185488057
6.38286522985183
6.386668206856342
6.390474133718231
6.394282976638828
6.398094747370303
6.401909487606607
6.405727093251048
6.409547729904664
6.413371298250958
6.4171977511514555
6.421027165395474
6.424859557165956
6.428694848962463
6.43253315553385
6.436374446357611
6.440218616761023
6.444065832170273
6.447915960555968
6.45176912020578
6.455625232447296
6.459484346387808
6.46334643013804
6.467211469665575
6.471079503596866
6.474950562746778
6.478824598038746
6.482701596033397
6.486581663614946
6.490464688469775
6.494350781333992
6.498239825478594
6.5021318682270905
6.506026934499612
6.509925068981132
6.513826219819502
6.517730405311112
6.5216376087803685
6.525547816511149
6.52946104192066
6.5333773667031245
6.537296730790652
6.541219081333042
6.5451445333028175
6.549073050948368
6.553004590211568
6.55693922590452
6.560876856075523
6.564817584806804
6.568761353781321
6.572708270200731
6.576658223708827
6.580611232188005
6.584567292276583
6.588526481182211
6.592488770746685
6.596454177560996
6.600422600879277
6.60439415796349
6.608368811079554
6.6123465824789385
6.616327450534333
6.620311431828031
6.624298521702297
6.628288731522455
6.63228199480644
6.636278472833314
6.640278051246622
6.644280759613651
6.648286555913081
6.652295581247742
6.65630766217503
6.660322905304461
6.664341323876155
6.668362910116745
6.672387595559831
6.676415465899018
6.680446488004622
6.684480611226626
6.688517993743028
6.692558483401157
6.696602143883723
6.700649068089183
6.70469907895043
6.708752356221441
6.7128087403519725
6.716868328958616
6.720931112784733
6.724997140556917
6.729066300609836
6.73313874489557
6.737214344201317
6.741293122032841
6.745375136247061
6.749460399401597
6.7535488643248325
6.7576405574392355
6.761735421214495
6.7658335839880825
6.769934956881102
6.774039540191564
6.778147415683056
6.782258508450274
6.786372837668121
6.79049044521767
6.794611231351935
6.798735364281783
6.80286272384909
6.806993377855673
6.811127227660718
6.815264444093564
6.819404831078179
6.823548554515124
6.827695605036415
6.831845873182761
6.835999415516941
6.840156268184787
6.8443164636837315
6.848479943020444
6.8526466675499895
6.856816776172022
6.860990119205845
6.865166853542236
6.869346821726321
6.873530186996977
6.877716806815887
6.881906788669529
6.8861001465430896
6.890296822392842
6.894496733051814
6.898700085000754
6.902906727644675
6.907116782066687
6.911330167728665
6.915546891065318
6.9197669822236705
6.9239904716517815
6.928217226564385
6.932447389042353
6.936680996048615
6.940917930821611
6.945158288710433
6.9494019543449035
6.953649087133885
6.957899550912145
6.962153403753003
6.966410676495529
6.970671395742609
6.974935485981006
6.9792029639120114
6.983473879113543
6.987748224815356
6.992025965620336
6.996307149795763
7.000591785220343
7.004879747045124
7.009171255441215
7.013466206967637
7.0177645148907315
7.022066349677542
7.026371607775858
7.030680353382069
7.034992512770554
7.039308088180254
7.043627196502689
7.047949744001008
7.052275828423611
7.056605305538831
7.060938313454826
7.065274780904369
7.069614737393436
7.073958182646411
7.078305131526823
7.082655589597047
7.087009548573444
7.091367020947425
7.0957279893930565
7.100092488237778
7.104460499911205
7.10883202811437
7.113207063491113
7.117585638499073
7.121967779371424
7.126353425994432
7.130742579090894
7.135135364848298
7.139531618547514
7.1439314598761
7.148334872493024
7.1527418525225475
7.1571523760792415
7.161566424784538
7.165984077737557
7.17040532450629
7.174830182231999
7.179258590634165
7.183690574857006
7.1881261370496015
7.192565306608158
7.197008091125417
7.201454426811074
7.205904469586819
7.210358001637902
7.214815243697
7.219276044933838
7.223740494133175
7.228208570067711
7.232680331768034
7.23715560393542
7.241634645747147
7.246117272385228
7.250603526040739
7.2550933981845285
7.259587021106317
7.264084206097716
7.268585087090353
7.2730896368763025
7.277597931184657
7.282109822955976
7.286625388960055
7.29114466775503
7.295667615086007
7.3001942741001695
7.304724597878604
7.309258631595918
7.3137963509300725
7.318337830505648
7.322882934285803
7.327431852744249
7.33198436416661
7.33654074022103
7.341100788569186
7.345664518146129
7.350232037205946
7.354803304793421
7.359378254625043
7.363956992856996
7.368539452917798
7.373125717131419
7.377715704500375
7.3823095067557265
7.3869069752957985
7.391508346616878
7.396113373212959
7.400722212628646
7.405334870204749
7.4099513553193495
7.414571546436101
7.419195577105581
7.423823389389717
7.428455004798139
7.433090496228996
7.437729762287523
7.442372818659231
7.447019693147862
7.4516704122220965
7.456324929808587
7.4609833572823305
7.46564556764449
7.47031160638988
7.474981564801582
7.479655323068619
7.484332938454249
7.489014430483965
7.493699768924467
7.498389010478842
7.503082117798485
7.507779056771443
7.512479896312942
7.51718464578247
7.521893275979053
7.526605785839555
7.531322179008448
7.536042514431975
7.540766762634881
7.545494918205944
7.55022694253084
7.554962955340253
7.559702925156688
7.56444668186944
7.569194491333056
7.5739461973037745
7.5787018383397955
7.583461361022715
7.588224942715795
7.592992521772602
7.59776394914133
7.602539321169441
7.607318721312753
7.6121020695067045
7.616889462385088
7.62168077417353
7.6264761633513505
7.631275423355577
7.636078666594611
7.640886053294453
7.645697349171143
7.650512687490076
7.655332000621204
7.660155292147726
7.664982658667167
7.669814096831975
7.674649493666874
7.67948893261466
7.684332491083636
7.689180037396841
7.694031594157308
7.698887252783341
7.703746961703877
7.708610759257295
7.713478609614621
7.718350520527826
7.723226479851539
7.728106521228315
7.732990687596491
7.737878995358239
7.742771287342678
7.7476677123731035
7.752568290302407
7.757472940137763
7.762381710664756
7.767294568343347
7.77221160652863
7.777132732194685
7.782057989722649
7.7869873992435625
7.7919209744291305
7.796858669851123
7.80180047945583
7.806746428403451
7.811696648172561
7.816650921870536
7.82160941676097
7.826572115920304
7.831538930739628
7.836509940937016
7.841485175994179
7.8464645799762325
7.851448207712468
7.856436007644099
7.861428004622946
7.866424180396782
7.871424599648032
7.876429295701616
7.881438240704767
7.886451325975851
7.891468656613669
7.896490254807115
7.901516103977576
7.906546183113098
7.91158052374858
7.9166191438203075
7.921661981004418
7.926709076131713
7.931760519566718
7.9368162384367436
7.941876201000086
7.9469405184955875
7.9520090028514145
7.957081914597816
7.9621590262010935
7.967240489319797
7.972326275416255
7.977416368504973
7.9825108180826
7.9876095238731795
7.992712673187389
7.997820068688269
8.002931847585732
8.008047923528366
8.013168374324781
8.018293176486992
8.023422444730622
8.028555951483417
8.033693860520367
8.038836162460973
8.04398286648576
8.049133827742411
8.054289321688687
8.059449194953242
8.064613498812742
8.069782135655833
8.074955226138954
8.08013272501924
8.085314622314858
8.090500939384803
8.095691781529771
8.100886922848606
8.106086633666017
8.111290706303798
8.116499317087266
8.121712333965725
8.126929802279104
8.132151712931071
8.137378134006289
8.142609054163831
8.147844491695391
8.15308432801209
8.158328734913768
8.16357760102627
8.168830933438068
8.174088802561988
8.179351243591137
8.184618096400492
8.189889565042046
8.195165495143144
8.200446052910362
8.205731064831035
8.211020648750669
8.216314844459246
8.221613562824185
8.226916793011993
8.232224574726812
8.237537016902948
8.242853998936484
8.248175556843425
8.253501721435388
8.258832446436395
8.264167757122351
8.269507745025074
8.274852292271351
8.280201484795208
8.285555207296902
8.290913647088074
8.29627665872314
8.301644392666226
8.307016699029107
8.312393667675515
8.317775264517696
8.323161578819853
8.328552491988852
8.333948082243145
8.339348382330105
8.344753389887039
8.350162989219228
8.355577285278784
8.360996338001252
8.366420078083317
8.371848563090653
8.377281677169863
8.382719570032586
8.388162136727844
8.393609448181847
8.39906145254111
8.40451831350374
8.409979850951183
8.415446129999717
8.42091716158567
8.426393015650758
8.431873562022162
8.437358851975661
8.442848966446183
8.448343911477401
8.45384362926596
8.459348030191704
8.464857384645825
8.47037147473543
8.475890365121261
8.4814140623197
8.48694261148641
8.492475962269696
8.498014225357203
8.503557252637258
8.509105163285419
8.514657880954042
8.520215494895933
8.525777934211398
8.531345283816274
8.536917441949525
8.542494560210935
8.548076510007856
8.553663393704362
8.559255130835753
8.564851794142616
8.570453304116503
8.576059782746992
8.581671213207196
8.587287565029847
8.592908816049107
8.598534976149107
8.604166162263079
8.609802196414435
8.615443214126843
8.621089197851683
8.626740175215504
8.63239614786545
8.638057038275019
8.643722994285792
8.649393830613143
8.65506972987136
8.660750584604243
8.666436484559286
8.67212741207864
8.677823387975366
8.68352426791843
8.689230259266493
8.694941272235729
8.70065731346347
8.706378438448306
8.712104588773553
8.717835854395915
8.723572055680721
8.729313406900793
8.735059932677853
8.74081140879672
8.74656808434336
8.75232975178962
8.75809657173623
8.763868450079842
8.769645525034456
8.775427716722522
8.781215006985612
8.787007372022845
8.79280494149855
8.798607695844066
8.804415509670852
8.810228525351318
8.81604672283914
8.821870048860864
8.827698559611969
8.833532310218706
8.839371205793679
8.845215228457636
8.851064563989082
8.856919000707968
8.86277878982161
8.868643671484163
8.874513809291606
8.880389164108822
8.886269861078473
8.892155647991496
8.898046781595628
8.90394316363874
8.909844815898273
8.915751755116432
8.921663907580438
8.927581373229433
8.933504074169601
8.939432142844769
8.94536545723024
8.951304133959457
8.957248106940334
8.963197372242863
8.969152037395693
8.97511190580989
8.981077232637938
8.987047873070544
8.993023820095244
8.999005193954698
9.004991867832697
9.010983988476209
9.016981428987249
9.022984200438202
9.028992500109766
9.035006152147973
9.041025106420717
9.047049544042478
9.053079367397052
9.059114659303805
9.065155381285429
9.071201484269539
9.077253076041963
9.083310083257643
9.089372584731812
9.095440600543578
9.101513989735057
9.10759286193992
9.113677219253393
9.11976708466071
9.125862450234747
9.131963348094633
9.138069710153731
9.144181540747136
9.150298998657235
9.156421877899998
9.162550400185413
9.168684434694462
9.17482394602103
9.180969102908657
9.187119679918059
9.193275993054193
9.19943778283624
9.205605245155452
9.21177816674574
9.217956825329223
9.224141010447738
9.230330747597915
9.236526228057858
9.24272723048299
9.248933868953962
9.255146227554937
9.261364190151543
9.267587751085422
9.273816953606524
9.280051891492455
9.286292472131544
9.29253878976216
9.298790762792866
9.305048418786221
9.311311713898355
9.317580785485399
9.323855539945793
9.330135979202284
9.3364221873415
9.342714141925041
9.349011869774232
9.355315255525094
9.361624515278065
9.3679394007765
9.374260098057107
9.380586605935285
9.386918818984212
9.393256880718122
9.399600775481604
9.405950456532016
9.412305917249308
9.418667164005198
9.425034305758244
9.43140724225952
9.43778602809665
9.444170647551315
9.45056114459605
9.456957593457421
9.463359789802551
9.469767826588495
9.476181828342572
9.482601628732466
9.489027465896822
9.495459061671692
9.501896720576347
9.508340184024714
9.514789582758889
9.521244989018617
9.527706221478482
9.534173534411348
9.540646707788758
9.547125860907077
9.553610995495127
9.560102083244741
9.566599223911632
9.573102260716666
9.579611378356086
9.586126453168887
9.592647556552953
9.599174676483674
9.605707892662316
9.612247029736471
9.618792268818623
9.625343584818209
9.631900926849147
9.638464305108634
9.645033818240446
9.651609365038514
9.658191033634955
9.664778765942035
9.671372672547625
9.677972685228761
9.68457877810986
9.691190910133457
9.697809240857412
9.704433813737923
9.71106447560772
9.717701207629162
9.724344225543748
9.730993348191452
9.73764875415206
9.744310152206264
9.750977938596858
9.757651755243232
9.764331946715586
9.771018246376169
9.777710810280343
9.784409565220484
9.791114610214983
9.797825985993772
9.804543452454737
9.811267309516154
9.817997415667262
9.824733790171237
9.83147639451114
9.838225334521518
9.844980680231117
9.851742219694362
9.858510100712287
9.865284307739024
9.872064857186567
9.878851792388124
9.885645008773771
9.892444680074556
9.899250647158569
9.906062969543598
9.912881693982088
9.919706930833271
9.926538441472143
9.933376322992771
9.940220712706214
9.947071481283158
9.953928644253065
9.960792322607432
9.967662444668896
9.974539067205013
9.981421988966478
9.988311525712785
9.995207505079284
10.00210995534314
10.009018937026438
10.015934336699221
10.022856338068221
10.029784819643783
10.036719896814738
10.043661510088924
10.050609610086832
10.057564224007109
10.064525539893863
10.071493293476196
10.078467742627119
10.085448666165792
10.09243627246914
10.099430428431187
10.106431164900046
10.113438655211226
10.120452636819097
10.12747337754203
10.134500608518637
10.141534673906065
10.1485752531071
10.155622599690993
10.162676612308001
10.169737255662213
10.176804648980486
10.183878767176893
10.190959572541088
10.198047091760515
10.20514130939699
10.21224226714738
10.219350028596198
10.226464460574904
10.233585782363958
10.240713839905917
10.247848615417398
10.254990271641555
10.262138621672882
10.269293848005772
10.276455870718292
10.283624798661371
10.290800516837173
10.29798302087757
10.305172378235104
10.312368685144554
10.319571784803056
10.326781785891669
10.3339986994725
10.341222445282797
10.348453172675393
10.355690742352126
10.362935301138352
10.370186737196914
10.377445076250723
10.384710456745243
10.391982720714482
10.399262022569541
10.406548292005668
10.41384151414227
10.421141665620802
10.428448920648384
10.435763187067195
10.443084464142967
10.450412695278807
10.457748050079926
10.465090437758697
10.472439857591155
10.47979634225537
10.487159947994126
10.49453059137384
10.501908329102882
10.509293141298066
10.516685065189629
10.524084221991064
10.531490434320254
10.538903704739866
10.546324289823499
10.553751948523715
10.561186794827378
10.568628767206482
10.57607792573584
10.583534306223257
10.590997809410787
10.598468682760934
10.605946712846707
10.613431864252869
10.620924356176277
10.62842415611385
10.635931126055361
10.643445401804247
10.65096690992138
10.658495802554954
10.666031923128191
10.673575267973956
10.681126141151276
10.688684170410575
10.696249526980008
10.703822275873279
10.71140239151309
10.718989892488235
10.726584680126276
10.73418699920829
10.741796580687016
10.749413607022657
10.757038089880652
10.764669892583314
10.77230921499982
10.779955975376513
10.787610120054474
10.795271751046815
10.802940818622801
10.810617438776708
10.81830156032
10.825993030142415
10.833692200924137
10.84139880294623
10.849112953140283
10.856834594151021
10.864563698960552
10.872300545899341
10.88004489676622
10.887796855736788
10.895556439774289
10.903323506137085
10.911098196477413
10.918880501882652
10.926670472059014
10.934468009666489
10.942273306663841
10.95008623258064
10.95790675246075
10.965734990080565
10.973570969585552
10.981414619586591
10.989265987335019
10.997124967507668
11.004991723965283
11.012866222939342
11.020748646703314
11.028638558785513
11.036536362586258
11.044442092593876
11.052355375676939
11.060276518345184
11.068205578630373
11.076142385912954
11.084086974668448
11.092039496010802
11.099999812255477
11.10796794876805
11.115943957998017
11.123927904313712
11.13191980996759
11.139919553663887
11.147927105099486
11.155942686137685
11.163966275433536
11.171997652303709
11.180037062269198
11.188084479785827
11.196139787640268
11.204203208245879
11.212274539094121
11.220353803213028
11.228441127867356
11.236536550036796
11.244640075302561
11.25275153280789
11.26087100610973
11.268998667067192
11.277134358305398
11.285278130699771
11.29343007539658
11.301590062473352
11.3097581781964
11.317934565053713
11.32611891023152
11.334311544592783
11.342512252691968
11.350721208201241
11.35893838084706
11.3671636200787
11.375397175774264
11.383639042751046
11.391889008456648
11.400147237432762
11.408413634611856
11.416688491617045
11.42497152476933
11.433262891428223
11.441562559786673
11.449870466063762
11.458186731589786
11.466511381597236
11.474844337282976
11.483185640544026
11.491535441435165
11.499893400428965
11.508259908101119
11.516634742381477
11.525018080836656
11.533409793152483
11.541809943121523
11.550218417351026
11.558635479779536
11.567060968311859
11.575494993411514
11.58393748585155
11.592388485880628
11.600848062322202
11.609315987692407
11.61779267118965
11.626277700733967
11.634771403744294
11.643273694976877
11.651784500685773
11.660303933337058
11.668831941331018
11.677368639184749
11.68591394810756
11.694467970926395
11.703030552738417
11.71160181582518
11.72018181444375
11.728770335905569
11.737367650400353
11.745973812531217
11.754588565994622
11.763212012189703
11.771844255526394
11.780485345314581
11.789135150534744
11.797793729323011
11.806461019201157
11.815137237470204
11.82382228277743
11.832516031225147
11.841218758007907
11.849930264799076
11.858650740576158
11.867380011714989
11.876118231757982
11.884865188291101
11.893621311649929
11.902386139775542
11.91116003237955
11.919942810139936
11.928734697995552
11.937535405066724
11.946345157709445
11.95516402866761
11.96399171101081
11.97282852739485
11.981674420677962
11.99052921055378
11.999393218835468
12.008266269889056
12.017148336911603
12.02603958874476
12.034939904093557
12.04384937784034
12.052768008227211
12.061695738219838
12.070632674759157
12.079578831398642
12.088534023462435
12.097498510576878
12.106472231206576
12.115455182089326
12.12444734087233
12.133448823007264
12.142459419747276
12.151479427016843
12.160508719281589
12.169547224844207
12.178595056556574
12.187652321840753
12.196718845576767
12.205794727478471
12.214880045881674
12.223974706180933
12.233078642027936
12.242192151081342
12.251315013852395
12.260447395404361
12.269589125835234
12.278740206700512
12.287900875388022
12.297071149336556
12.306250669253366
12.315439915317251
12.324638527006835
12.333846789267948
12.343064604007715
12.352291977312785
12.361528927270408
12.370775419586476
12.38003147142455
12.389297320365829
12.39857261256353
12.407857626406479
12.417152303163176
12.426456668953746
12.435770702767233
12.44509443103247
12.454427755575516
12.463771019338177
12.473123851845667
12.482486471344528
12.491858943752597
12.501241059253896
12.5106330325645
12.520034855770916
12.529446487612123
12.538867918495189
12.548299170097964
12.557740336781926
12.567191347460705
12.576652278720978
12.586123079017398
12.595603774655839
12.605094498501662
12.614595042007114
12.624105613769837
12.633626204766776
12.643156744359858
12.652697250730943
12.662247743485729
12.67180830776742
12.68137888907307
12.690959646808214
12.700550328945463
12.710151110223611
12.71976201446143
12.729383123433509
12.739014263625355
12.748655562447265
12.7583069710395
12.76796858337897
12.777640484472958
12.787322417205862
12.797014662991044
12.806717074251845
12.816429755546944
12.826152793868706
12.835885934180231
12.845629459075248
12.85538329940949
12.865147466951516
12.874921704660204
12.884706609805898
12.894501785151794
12.904307332148377
12.91412323602171
12.923949483663964
12.93378620563999
12.943633342686063
12.953490960592394
12.963358992055692
12.973237542809688
12.983126594081382
12.993026052848675
13.002936160805206
13.012856782849958
13.02278789566097
13.03272962487025
13.042681942768729
13.052644774697116
13.06261828876963
13.072602392310312
13.082597237213376
13.092602625255198
13.10261875045844
13.112645541744898
13.12268290686436
13.132731078059251
13.1427901007393
13.152859679644104
13.162940208614124
13.173031378910268
13.183133416165541
13.19324616091834
13.203369925731753
13.213504396462477
13.223649736035526
13.233806002357511
13.243973040279247
13.25415105041299
13.264339931542995
13.274539853709685
13.28475065512016
13.294972316474903
13.305205180168503
13.31544888334398
13.32570370751044
13.335969505342595
13.346246251908617
13.35653410816444
13.366833164047835
13.37714313872789
13.38746433693428
13.397796656446705
13.408140120209024
13.418494647299232
13.428860395419758
13.439237309263783
13.449625454499294
13.460024862926323
13.4704353909129
13.480857230857083
13.491290426350906
13.501734882058699
13.512190582018155
13.52265763820714
13.53313605089044
13.543625696779033
13.554126802382532
13.564639261581368
13.575163121830782
13.585698495427314
13.596245144972661
13.606803301627926
13.617372949719332
13.627954098347859
13.638546719952695
13.649150843061479
13.659766543542554
13.670393770367419
13.681032536736966
13.69168285397189
13.702344788461607
13.713018386663922
13.723703580955117
13.734400491516173
13.745109119481711
13.755829253504023
13.766561222422611
13.777304881002921
13.788060182520478
13.798827387323406
13.809606204269844
13.820396931418733
13.83119942485836
13.842013748480703
13.852839905821723
13.863678017414353
13.874527792762619
13.885389638458498
13.896263363572762
13.907148913108626
13.918046556201825
13.928955990677542
13.939877606629965
13.95081103270755
13.961756557970533
13.972714145580543
13.983683688516821
13.994665413121169
14.005659047209278
14.016665033892455
14.027682984127427
14.03871304719755
14.049755255553077
14.06080973740561
14.071876337607726
14.082955173429783
14.094046280450733
14.105149589441352
14.116265256055959
14.12739307678574
14.138533241241053
14.149685763596974
14.16085063357307
14.172027694141118
14.183217246480156
14.194419216985354
14.205633572321764
14.216860360694671
14.228099564908174
14.239351269451381
14.250615507041875
14.261892177664254
14.273181329843675
14.28448303105511
14.295797352553604
14.30712415617437
14.318463728428025
14.329815738285477
14.341180557230667
14.352557802756523
14.363947771222493
14.375350600664593
14.386765977049652
14.398194267577962
14.409635098936425
14.421088738099302
14.432555196859193
14.444034588920399
14.4555265272126
14.467031501196391
14.478549334892975
14.490079891411394
14.501623483066325
14.513180066899029
14.524749442185218
14.536331793748532
14.5479272495424
14.55953553103717
14.57115683453985
14.582791200209872
14.59443878383213
14.606099224170599
14.617772891293265
14.629459547989429
14.641159490156813
14.65287240930509
14.664598642882833
14.676338104953626
14.688090640532675
14.699856537645815
14.711635502470378
14.723427848984361
14.735233564000701
14.747052578253058
14.758884732423338
14.770730444081302
14.782589358024326
14.794461876988322
14.806347585715027
14.818246953016596
14.830159563739983
14.842085691054153
14.854025439267485
14.865978533951873
14.87794526739793
14.889925657246101
14.901919486771106
14.913926898930745
14.92594790733032
14.937982679118395
14.950030922279518
14.962092937851043
14.974168756984229
14.986258245245553
14.99836140712189
15.0104784125385
15.022609092474237
15.034753583334853
15.046912092350082
15.059084140914416
15.071270254387569
15.083470233547624
15.095684172574192
15.107911871918045
15.120153699172672
15.132409472776928
15.144679178370607
15.156962839940913
15.169260643777967
15.181572448472634
15.193898524740458
15.206238367278416
15.2185924914428
15.230960846307976
15.24334329997483
15.25573983917184
15.268150780132363
15.280575887555157
15.293015181710832
15.305468712987066
15.317936660630702
15.330418893019678
15.342915504605221
15.355426382021697
15.367951738193419
15.380491347614305
15.393045607473372
15.405614076405485
15.41819725537458
15.43079485781434
15.443406942000767
15.456033610641903
15.468674604166491
15.481330406059003
15.494000837857111
15.50668589941228
15.519385550325056
15.532099852503478
15.54482889534985
15.557572681806835
15.570331086113665
15.58310453921738
15.595892511614629
15.608695314496138
15.621513100623424
15.634345577773953
15.647193025028544
15.660055393877723
15.672932691055445
15.685824895494415
15.698732085429217
15.71165438504442
15.724591554763274
15.737543773568252
15.750511155021094
15.763493605617922
15.776491002597236
15.789503703986025
15.802531517500851
15.81557461458312
15.828632824835026
15.841706303414979
15.854794900955275
15.867898975250423
15.88101825977661
15.89415288373645
15.907302861139394
15.92046820542426
15.933648990798053
15.946845006070266
15.960056749037053
15.973283871253477
15.986526437682212
15.99978450402849
16.013058065733343
16.026347248201006
16.03965217652812
16.052972508139494
16.066308648376722
16.07966044281021
16.093027869091852
16.106410863631957
16.119809764618587
16.13322442782483
16.146654790377912
16.16010112914537
16.173563244679052
16.187041070536313
16.200534971192234
16.214044662247385
16.22757037988364
16.241112139826722
16.254669752340547
16.26824347213589
16.281833201571622
16.295438887589285
16.309060686339127
16.322698809697446
16.33635284205984
16.3500231213491
16.363709565354725
16.37741233257109
16.391131237831726
16.404866471256394
16.41861798012192
16.432385794699773
16.446170073395805
16.4599705586772
16.47378744622056
16.48762082578857
16.501470676723546
16.515337099155776
16.529219809237045
16.543119197807556
16.55703515034219
16.570967595428726
16.584916670804244
16.59888243371263
16.612864747628993
16.626863929862292
16.640879638322588
16.65491225973381
16.66896152777085
16.683027679330955
16.697110528310404
16.711210321531063
16.725326960343573
16.739460609676332
16.75361109966819
16.767778434164903
16.78196294522486
16.7961643196864
16.81038289941866
16.82461827919222
16.838871134692372
16.853140792996225
16.867427673947972
16.8817317231979
16.896053121701208
16.910391571240236
16.924747442742927
16.939120491505584
16.953510902531143
16.967918653547436
16.982343794608024
16.996786196449996
17.011246124647826
17.02572350698088
17.04021838500091
17.05473064397421
17.069260567170822
17.083808131597973
17.09837322689604
17.112955834662994
17.127556312112365
17.14217424524628
17.156810104593955
17.17146361431681
17.186134906838404
17.20082390854032
17.215530680375906
17.230255459167434
17.244998088182225
17.259758655892984
17.27453703227805
17.289333616085376
17.30414801962061
17.318980399789915
17.333830949062474
17.348699667355927
17.363586378000523
17.378491256983626
17.393414406500934
17.408355605104298
17.423315051201463
17.43829265300251
17.45328891570275
17.468303362766626
17.483336062836678
17.49838716652513
17.5134566405652
17.528544573393933
17.543651124104578
17.558776165076736
17.573919622488475
17.58908161517793
17.60426227056787
17.619461702746893
17.634679529518042
17.64991616451251
17.665171463030592
17.680445721266207
17.695738554165857
17.711050339197797
17.726380729587603
17.74173020222416
17.75709854541436
17.77248585220769
17.78789203367884
17.803317258005045
17.818761471821936
17.834224745356714
17.849707209451367
17.865208828552227
17.88072940249294
17.89626930413184
17.911828275178873
17.927406759236618
17.94300439271821
17.958621357105272
17.974257451439694
17.989913225007797
18.005588292703088
18.021282733502513
18.0369968696024
18.05273030274133
18.068483317995454
18.08425589126817
18.10004801268946
18.1158598481289
18.13169150031333
18.147542592862642
18.163413560647847
18.17930439813946
18.195214826971586
18.21114526702585
18.22709536210511
18.243065564846773
18.259055590238567
18.275065628431857
18.29109552545368
18.30714562864228
18.323215775401415
18.339305938754347
18.355416260937805
18.3715467834427
18.387697480031605
18.403868515093702
18.420059771906686
18.436271153189136
18.452503023551138
18.468755381643597
18.485028034961914
18.501321088850215
18.517634547219824
18.533968556800566
18.5503231529947
18.566698434433363
18.58309409035601
18.59951051756782
18.615947757020667
18.632405502953027
18.648884009466176
18.665383467324606
18.681903673187975
18.698444640695527
18.71500659114588
18.731589463978292
18.748193235197938
18.764818125003085
18.78146395887349
18.798130792509035
18.814818732183085
18.83152805896473
18.848258143536995
18.865009747005747
18.881782647754832
18.898576745273942
18.91539198299921
18.932228740613628
18.949086846738883
18.965966500498048
18.98286770203498
18.999790060610948
19.01673404638435
19.033699732385234
19.050686917953495
19.067695885407517
19.0847265284802
19.10177877582243
19.118852794783976
19.13594867742957
19.153066352270546
19.170205971318257
19.187367330488268
19.20455086521041
19.221756131456434
19.238983635721933
19.256233046562052
19.273504652039268
19.2907982183153
19.308114214707473
19.32545214386078
19.34281251513558
19.360195156228652
19.377600044344593
19.39502714246617
19.412477089947217
19.42994913312134
19.44744377568324
19.464960959247065
19.482500388058273
19.50006270180193
19.517647627129318
19.53525524047095
19.552885519181583
19.570538547769058
19.588214301878317
19.60591303841135
19.62363463912836
19.64137895011876
19.659146236980607
19.676936694018817
19.69475006785837
19.712586521554044
19.730445913393524
19.748328731051153
19.76623446875123
19.78416381843668
19.80211594825522
19.820091597338706
19.83809063915648
19.856113097767764
19.874158866807104
19.892228152756676
19.910320955365687
19.92843743313767
19.946577385324076
19.964741017572862
19.98292818964792
20.001139215048035
20.01937371653765
20.037632497348003
20.05591476760741
20.074220974813375
20.09255112781456
20.110905293321427
20.129283454650203
20.14768575637674
20.166112023658027
20.184562291900136
20.203036939458787
20.221535746544177
20.2400588786085
20.258606102287562
20.277177695687367
20.295773938295536
20.314394566543328
20.33303943679664
20.35170898631612
20.37040299218289
20.389121783124484
20.407865215283305
20.426633117203465
20.445425737662887
20.46424321051214
20.483085520698843
20.501952801639177
20.52084489995575
20.539761862157505
20.558704038465812
20.577671204109546
20.596663265225455
20.61568063942478
20.634722959762723
20.653790652458184
20.672883561664033
20.692001926177195
20.71114558158199
20.730314543338753
20.7495088572057
20.768728907784787
20.78797432388309
20.807245317700385
20.826542035836138
20.845864363857334
20.86521242498208
20.8845861767363
20.90398578868932
20.92341124021435
20.942862493481773
20.962339921769026
20.981843158903985
21.001372532656326
21.020927853473427
21.040509421516777
21.06011706763887
21.079751089666043
21.099411095272984
21.11909776458233
21.138810570819782
21.158549872335147
21.178315542356987
21.198107729716902
21.217926623253202
21.23777203349074
21.257644162500835
21.277542725341018
21.297468349092114
21.317420534061014
21.33739969788369
21.357405609855856
21.37743851058336
21.397498577542613
21.417585427803793
21.43769950650901
21.45784076607489
21.478008991783486
21.49820457114451
21.518427349836422
21.538677616925543
21.55895538841908
21.579260121212844
21.599592728612627
21.61995260566414
21.640340116073997
21.660755380061552
21.681198182140058
21.701668806578258
21.72216721528645
21.742693384247747
21.763247544706108
21.783829502007148
21.8044394024043
21.825077274791003
21.845743509625144
21.8664378461765
21.887160142149156
21.907910603246247
21.928689538973824
21.949496745035475
21.970332505513475
21.99119654229544
22.012089045573802
22.033010297340144
22.053959934304146
22.07493828102158
22.0959453239643
22.116981000607232
22.138045601361476
22.159139116069984
22.180261654066403
22.2014130114993
22.222593308674494
22.24380263226788
22.265041297753246
22.286308927483546
22.30760595120131
22.328932172312907
22.35028761985156
22.371672677051386
22.393087168011405
22.41453096346001
22.43600432488602
22.457507515247606
22.479040394709262
22.500602897660357
22.52219497162238
22.543817060061627
22.5654691751424
22.587151070781342
22.608862836884494
22.630604836962465
22.652376757941635
22.674178972375135
22.696011399066116
22.717874128541954
22.73976704473649
22.761690669571053
22.783644463667684
22.805628896785
22.827643591048272
22.849689105325343
22.871765362845764
22.893872156258162
22.91600998507114
22.938178333894275
22.96037781914122
22.982608277104635
23.00486970205643
23.027162096182227
23.04948550975418
23.071840557374763
23.094226442913364
23.116643721093492
23.13909254856606
23.16157242715076
23.18408421570993
23.20662734832053
23.22920184021484
23.251808397357376
23.274446399687946
23.297116171879274
23.319817854840995
23.3425514951403
23.365317198815408
23.388114668034028
23.410944230686813
23.433806115186382
23.456700078741893
23.47962618790042
23.502584822110872
23.52557557217269
23.548599096110422
23.571654929249465
23.59474323820926
23.61786425563587
23.64101807356638
23.66420452502661
23.687423860955974
23.710676080835196
23.733961021459127
23.757279150109383
23.780630242616205
23.804014419643813
23.82743206516071
23.85088265311829
23.874366677513958
23.897884087516154
23.921434843013134
23.945019170896483
23.968636983240913
23.99228851309818
24.015973680336245
24.03969262438211
24.06344529270366
24.08723183022792
24.111052462956977
24.134907198821285
24.15879577893486
24.182718609218018
24.206675629266403
24.230666947418094
24.25469272314646
24.27875255451352
24.30284718143073
24.326976204276143
24.3511398641569
24.37533804976646
24.399571308207307
24.423839084475002
24.448141957896297
24.472479565142677
24.49685219702649
24.52126006979143
24.545702810598442
24.57018088410444
24.594694288141245
24.619242836254703
24.6438268432009
24.668446656306465
24.69310178406668
24.717792558292587
24.74251892340088
24.76728125280899
24.79207904332538
24.81691313787824
24.841782953025042
24.866688722416637
24.891630859459568
24.91660906518054
24.941623584088045
24.96667416167878
24.991761250356213
25.016884889877428
25.042044999627333
25.067241691153708
25.092475028281953
25.117745000339088
25.143051781759183
25.168395616972003
25.193776310991385
25.219194222569147
25.244648957881427
25.27014083741632
25.295670121003432
25.321236696247276
25.346840730174037
25.372482051153884
25.398161088580384
25.423877655476748
25.4496319655601
25.47542368077879
25.50125351162551
25.527121239619063
25.553026920096563
25.578970658986957
25.604952534473423
25.6309726115265
25.657030857686664
25.683127575350674
25.709262656089887
25.735436297596454
25.761648424473112
25.787899452580277
25.814188876131166
25.840517318611912
25.866884675787638
25.89329094051604
25.91973603186237
25.946220398309944
25.9727439460061
25.999306877467188
26.02590914428212
26.052550587820868
26.079231751295207
26.10595254703186
26.13271284560738
26.159512967746572
26.186352837224444
26.21323273406763
26.240152428136167
26.267112157697248
26.294112168231443
26.321152296588828
26.34823297976726
26.37535387637825
26.402514949320842
26.429717023988225
26.456959389489274
26.484242652742726
26.511566526206458
26.538931261962688
26.56633695400948
26.593783746395676
26.621271620152708
26.648800739178814
26.676371156815065
26.703982754968607
26.731636054037555
26.759330754310167
26.787066851140487
26.81484494132412
26.842664694283556
26.87052630029041
26.898429759149575
26.926375265348977
26.954362847282912
26.982392727086978
27.01046493755683
27.038579508650106
27.066736201480648
27.0949359703243
27.12317794463911
27.15146261844821
27.17979042500028
27.20816079706667
27.236574248906276
27.26503080560853
27.293530542399473
27.32207333356675
27.35065951677414
27.3792890887853
27.40796224174328
27.43667909163791
27.465439345111665
27.494243335462695
27.523091380234902
27.551983158346765
27.58091914508579
27.609899167359526
27.638923338474342
27.66799202024742
27.697104824592266
27.72626229714562
27.755464299275086
27.784711022260055
27.814002436803825
27.843338445012275
27.872719764349416
27.902145751787437
27.931617130029856
27.961133567221278
27.990695443859806
28.020302730805163
28.049955351507265
28.079653534454227
28.109397513626146
28.13918736187865
28.169022984509063
28.198904484491266
28.228832181489178
28.258806084443975
28.288826100631997
28.318892129670633
28.349005174931893
28.379164549988783
28.40937041953708
28.43962313935023
28.469922658249015
28.500268987565534
28.530662485092147
28.561102985104878
28.591590787041454
28.62212593887844
28.65270851483723
28.683338175334253
28.71401592994179
28.744741130096838
28.775514113835452
28.806335254216567
28.83720429980262
28.86812147530178
28.899086535210785
28.930100445587726
28.96116238426904
28.992272870207835
29.023431885185996
29.05463958854469
29.085896388738036
29.11720177056325
29.148556441493454
29.179960021637388
29.21141288976273
29.24291513558279
29.274466941168853
29.30606811769621
29.337718717881376
29.369419462230738
29.40116977490499
29.43297005493257
29.46482038219237
29.496720967302203
29.528671866052697
29.560673002766116
29.592724647209554
29.62482676123862
29.65697964437144
29.689183334267984
29.721437933013213
29.753743741265875
29.786100421155435
29.818508430566165
29.850967609287125
29.883478516653252
29.9160408015857
29.948654603180593
29.98132043242651
30.01403809110608
30.046807743585433
30.079629382667104
30.112503258504958
30.145429695323863
30.178408291000324
30.211439562677484
30.244523360060686
30.277660082089152
30.310849431178674
30.34409227521782
30.377387995408014
30.410736593467036
30.444139120308975
30.47759466212811
30.511104013702013
30.544666827703747
30.57828353558621
30.61195419111346
30.645678731310756
30.67945767243826
30.713290706016476
30.747178200319226
30.781120113395588
30.815116714736046
30.8491681055354
30.883273943871608
30.917435253744923
30.951651341555504
30.985922828654466
31.020249586082585
31.054631616830584
31.0890693113102
31.12356282188211
31.15811201986882
31.192717021782595
31.227378174932326
31.26209557058846
31.296868986670653
31.331699009788757
31.36658564471197
31.401528816269515
31.43652868158718
31.471585923460328
31.506699458633673
31.54187053397395
31.57709900673695
31.612384498344944
31.647727771342588
31.683128787173043
31.71858740996633
31.754103905637006
31.78967842843791
31.82531107674114
31.861002176552134
31.896751561062953
31.932559623117427
31.968426168861274
32.00435186985159
32.04033588170093
32.076379323755255
32.11248194209052
32.14864391053201
32.184865113844154
32.221146196390514
32.257486573764126
32.293887184166906
32.33034754181364
32.366868173915144
32.403448947698756
32.4400897833332
32.47679146051418
32.51355366940734
32.55037655986904
32.58726044913238
32.62420534156877
32.66121142499014
32.69827895273593
32.73540770899163
32.772598014206366
32.809850329293354
32.847164082989856
32.8845399361223
32.92197791362361
32.95947863826494
32.997041409275226
33.03466642959657
33.07235439421061
33.11010537291097
33.14791899025294
33.18579598259015
33.22373602923709
33.26173954878268
33.299806413700864
33.3379372511582
33.37613173085038
33.414389983307814
33.45271251352294
33.49109922367016
33.52955054284928
33.56806609538384
33.606646441890476
33.645291799901756
33.68400195370911
33.72277712921332
33.761617528440084
33.800523607163036
33.8394949617125
33.87853197403032
33.91763494146119
33.956803922506
33.99603908870209
34.03534049278658
34.07470856200555
34.11414294019925
34.15364422140319
34.19321229445328
34.23284741367784
34.272549785526486
34.31231969432422
34.35215680809412
34.392061722711794
34.43203460643962
34.47207490334403
34.51218391506055
34.552361067804
34.592606522388294
34.63292044840731
34.67330333696198
34.71375509792574
34.75427589302523
34.79486588361437
34.83552519053893
34.87625426301627
34.91705282496716
34.95792127973072
34.998859759406244
35.039868484316514
