[35.37197473 34.65879876 33.95960663 33.27412414 32.60208249 31.94321813
 31.29727268 30.66399282 30.04313022 29.43444139 28.83768764 28.25263494
 27.67905386 27.11671947 26.56541125 26.02491299 25.49501273 24.97550268
 24.4661791  23.96684225 23.47729632 22.99734934 22.52681308 22.06550302
 21.61323825 21.16984142 20.73513865 20.30895946 19.89113673 19.48150659
 19.07990842 18.68618473 18.30018111 17.92174618 17.55073155 17.18699172
 16.83038404 16.48076866 16.13800849 15.80196911 15.47251874 15.14952817
 14.83287076 14.52242231 14.21806109 13.91966774 13.62712523 13.34031885
 13.05913613 12.7834668  12.51320274 12.24823798 11.98846861 11.73379275
 11.48411054 11.23932406 10.99933732 10.76405619 10.53338842 10.30724355
 10.08553289  9.8681695   9.65506814  9.44614524  9.24131886  9.04050869
  8.84363597  8.6506235   8.46139559  8.27587802  8.09399806  7.91568438
  7.74086704  7.56947749  7.40144852  7.23671423  7.07521003  6.91687258
  6.76163978  6.60945077  6.46024585  6.31396652  6.17055541  6.02995629
  5.89211401  5.75697452  5.62448482  5.49459296  5.367248    5.2424
  5.12        5.        ]